(ÁlvaroObregónDistritoFederal AzcapotzalcoDistritoFederal BenitoJuárezDistritoFederal CoyoacánDistritoFederal CuajimalpadeMorelosDistritoFederal CuauhtémocDistritoFederal GustavoMaderoDistritoFederal IztacalcoDistritoFederal IztapalapaDistritoFederal LaMagdalenaContrerasDistritoFederal MiguelHidalgoDistritoFederal MilpaAltaDistritoFederal TláhuacDistritoFederal TlalpanDistritoFederal VenustianoCarranzaDistritoFederal XochimilcoDistritoFederal AmacuzacMorelos AtlatlahucanMorelos AxochiapanMorelos AyalaMorelos CoatlándelRíoMorelos CuautlaMorelos CuernavacaMorelos EmilianoZapataMorelos HuitzilacMorelos JantetelcoMorelos JiutepecMorelos JojutlaMorelos JonacatepecMorelos MazatepecMorelos MiacatlánMorelos OcuitucoMorelos PuentedeIxtlaMorelos TemixcoMorelos TemoacMorelos TepalcingoMorelos TepoztlánMorelos TetecalaMorelos TeteladelVolcánMorelos TlalnepantlaMorelos TlaltizapándeZapataMorelos TlaquiltenangoMorelos TlayacapanMorelos TotolapanMorelos XochitepecMorelos YautepecMorelos YecapixtlaMorelos ZacatepecMorelos ZacualpanMorelos AcambaydeRuízCastañedaEstadoDeMéxico AcolmanEstadoDeMéxico AculcoEstadoDeMéxico AlmoloyadeAlquisirasEstadoDeMéxico AlmoloyadeJuárezEstadoDeMéxico AlmoloyadelRíoEstadoDeMéxico AmanalcoEstadoDeMéxico AmatepecEstadoDeMéxico AmecamecaEstadoDeMéxico ApaxcoEstadoDeMéxico AtencoEstadoDeMéxico AtizapánEstadoDeMéxico AtizapándeZaragozaEstadoDeMéxico AtlacomulcoEstadoDeMéxico AtlautlaEstadoDeMéxico AxapuscoEstadoDeMéxico AyapangoEstadoDeMéxico CalimayaEstadoDeMéxico CapulhuacEstadoDeMéxico ChalcoEstadoDeMéxico ChapadeMotaEstadoDeMéxico ChapultepecEstadoDeMéxico ChiautlaEstadoDeMéxico ChicoloapanEstadoDeMéxico ChiconcuacEstadoDeMéxico ChimalhuacánEstadoDeMéxico CoacalcodeBerriozábalEstadoDeMéxico CoatepecHarinasEstadoDeMéxico CocotitlánEstadoDeMéxico CoyotepecEstadoDeMéxico CuautitlánEstadoDeMéxico CuautitlánIzcalliEstadoDeMéxico DonatoGuerraEstadoDeMéxico EcatepecdeMorelosEstadoDeMéxico EcatzingoEstadoDeMéxico ElOroEstadoDeMéxico HuehuetocaEstadoDeMéxico HueypoxtlaEstadoDeMéxico HuixquilucanEstadoDeMéxico IsidroFabelaEstadoDeMéxico IxtapalucaEstadoDeMéxico IxtapandelaSalEstadoDeMéxico IxtapandelOroEstadoDeMéxico IxtlahuacaEstadoDeMéxico JalatlacoEstadoDeMéxico JaltencoEstadoDeMéxico JilotepecEstadoDeMéxico JilotzingoEstadoDeMéxico JiquipilcoEstadoDeMéxico JocotitlánEstadoDeMéxico JoquicingoEstadoDeMéxico JuchitepecEstadoDeMéxico LaPazEstadoDeMéxico LermaEstadoDeMéxico LuvianosEstadoDeMéxico MalinalcoEstadoDeMéxico MelchorOcampoEstadoDeMéxico MetepecEstadoDeMéxico MexicaltzingoEstadoDeMéxico NaucalpandeJuárezEstadoDeMéxico NextlalpanEstadoDeMéxico NezahualcóyotlEstadoDeMéxico NicolásRomeroEstadoDeMéxico NopaltepecEstadoDeMéxico OcoyoacacEstadoDeMéxico OcuilanEstadoDeMéxico OtumbaEstadoDeMéxico OtzoloapanEstadoDeMéxico OtzolotepecEstadoDeMéxico OzumbaEstadoDeMéxico PapalotlaEstadoDeMéxico PolotitlánEstadoDeMéxico RayónEstadoDeMéxico SanAntoniolaIslaEstadoDeMéxico SanFelipedelProgresoEstadoDeMéxico SanJosédelRincónEstadoDeMéxico SanMartíndelasPirámidesEstadoDeMéxico SanMateoAtencoEstadoDeMéxico SanSimóndeGuerreroEstadoDeMéxico SantoTomásEstadoDeMéxico SoyaniquilpandeJuárezEstadoDeMéxico SultepecEstadoDeMéxico TecámacEstadoDeMéxico TejupilcoEstadoDeMéxico TemamatlaEstadoDeMéxico TemascalapaEstadoDeMéxico TemascalcingoEstadoDeMéxico TemascaltepecEstadoDeMéxico TemoayaEstadoDeMéxico TenancingoEstadoDeMéxico TenangodelAireEstadoDeMéxico TenangodelValleEstadoDeMéxico TeoloyucanEstadoDeMéxico TeotihuacánEstadoDeMéxico TepetlaoxtocEstadoDeMéxico TepetlixpaEstadoDeMéxico TepotzotlánEstadoDeMéxico TequixquiacEstadoDeMéxico TexcaltitlánEstadoDeMéxico TexcalyacacEstadoDeMéxico TexcocoEstadoDeMéxico TezoyucaEstadoDeMéxico TianguistencoEstadoDeMéxico TimilpanEstadoDeMéxico TlalmanalcoEstadoDeMéxico TlalnepantladeBazEstadoDeMéxico TlatlayaEstadoDeMéxico TolucaEstadoDeMéxico TonanitlaEstadoDeMéxico TonaticoEstadoDeMéxico TultepecEstadoDeMéxico TultitlánEstadoDeMéxico ValledeBravoEstadoDeMéxico ValledeChalcoSolidaridadEstadoDeMéxico VilladeAllendeEstadoDeMéxico VilladelCarbónEstadoDeMéxico VillaVictoriaEstadoDeMéxico XonacatlánEstadoDeMéxico ZacazonapanEstadoDeMéxico ZacualpanEstadoDeMéxico ZinacantepecEstadoDeMéxico ZumpahuacánEstadoDeMéxico ZumpangoEstadoDeMéxico)
((0 12.982287776459112 7.014847548353563 7.248941481046554 6.140842679341842 10.770001158849674 16.342075053414025 13.349954860920466 17.446912318461578 4.82575988845132 7.247549082807395 26.01251161255018 19.31177257581868 8.286390944302038 14.919655091356136 16.11923231673665 0 0 0 0 0 0 0 0 33.486700810900786 0 0 0 0 0 0 0 0 0 0 0 39.8795468458237 0 0 0 0 0 0 0 0 0 0 0 0 0 0 0 0 0 32.88685573312242 0 0 0 0 36.37234816569644 21.10269287258327 19.989480580537347 0 0 0 0 0 29.330536075667375 34.307774771381055 0 35.769735868648354 39.69973343330294 32.49514115783343 38.37031224813628 27.769769798708282 30.642488949329195 0 38.2523565367529 0 31.49705595519196 29.229727765453017 0 29.869169466367907 0 0 0 0 12.131528461015074 27.339406483651306 32.28591115772062 0 0 0 26.839200068020556 0 0 24.679741032126657 0 0 0 0 27.0670947916011 30.56952782183372 0 0 35.25347677499814 38.71124643452637 38.840810165441 10.42229881195992 0 24.022277368676626 26.600062296160125 0 25.081066989979796 0 0 0 33.64180674508967 0 0 0 0 39.74355974229002 0 0 0 32.09028684859127 0 0 0 0 0 0 38.85104625750137 0 0 0 38.20072947601608 0 0 0 39.13442231771182 0 0 0 35.854491287520815 0 0 35.54915134734348 37.309870919638286 38.9720566376649 30.080687949435355 0 0 17.767371362230804 0 0 37.12222163572856 0 34.06705553874762 29.08290189898508 0 29.595333022202748 0 0 0 30.669094164082157 0 0 0 0 0) (12.982287776459112 0 10.931875635124396 14.461242893334797 15.698449898228345 6.27491966472979 6.511635715810332 12.788356690293993 19.6665992745995 17.80550172276398 5.749112092984117 33.25633543575502 23.557246432156212 20.68243544230228 10.816044428856388 24.30431813174216 0 0 0 0 0 0 0 0 0 0 0 0 0 0 0 0 0 0 0 0 0 0 0 0 0 0 0 0 0 0 0 0 0 0 31.941246270991975 0 0 0 0 0 0 0 0 28.0248895811319 11.321943279886439 10.644573184758322 0 0 0 0 0 0 36.54788858696726 0 0 31.725171708586963 29.104879522985815 29.90392663426457 23.654314168633594 17.86879007194793 0 0 29.265874616577964 18.628667495634183 17.164382978519033 0 18.103973084496854 0 0 34.3400988709727 0 20.254324438311862 23.894455481150473 33.11017752853979 0 0 0 38.705015420376974 28.2845271203835 0 21.531636317577572 0 0 0 0 26.338304337483347 38.74653566058057 0 0 22.30695270847451 0 0 6.059846373180807 27.544375556395558 21.646863714682414 17.24037956354668 0 34.566280309125084 0 0 0 37.76436115709016 0 34.07208536675537 0 0 0 0 0 0 0 0 0 0 0 31.681126054566377 0 0 0 0 0 0 0 0 0 26.4207663741269 37.56106163541586 38.27276767566846 0 23.452890980237136 0 0 0 30.62715837078711 29.57233997769754 0 0 0 4.990989272218247 0 0 24.49515706908908 0 21.084834309031454 16.21117190191987 0 31.558293725451264 0 36.62422439186768 0 35.09395243423196 0 0 0 0 33.32811789213764) (7.014847548353563 10.931875635124396 0 3.578382723996902 12.993698743622911 5.704725030726752 11.362527668806177 6.336314288079152 11.23115681846639 10.54307674411853 7.107994058137376 22.76823789673553 14.071647837820839 11.311998951768434 8.208147131413082 13.447155314596221 0 0 0 0 0 0 0 0 36.765206766368166 0 0 0 0 0 0 0 0 0 0 0 0 0 0 0 0 0 0 0 0 0 0 0 0 0 36.15163874204583 0 0 0 39.47274612103839 0 0 0 0 29.68189452667844 21.642321118642325 20.736574490367143 0 0 0 0 0 36.02996314905954 28.602248896514283 0 0 32.90553239116121 25.530440362515016 31.681952249605853 20.755885532900358 26.629904380190826 0 32.78060003644254 0 29.01646270355027 28.07925306054477 0 24.74735501019265 0 0 0 0 18.990677936737647 31.278619656033886 26.08332388008931 0 0 0 33.18232955641549 37.72801760395681 0 28.65191095889028 0 0 0 0 20.39251315459999 37.578834211969145 0 0 32.407930786295466 0 0 12.010469903379548 36.43370395707397 17.066657477178033 27.558399145995853 0 32.07549576872616 0 0 0 0 0 35.135717335530096 0 0 0 0 0 0 39.101317506299864 0 0 0 0 38.3691952587723 0 33.75507343420715 0 0 0 0 0 37.24378778771701 0 36.95261779721698 0 39.45704811414626 0 34.23970893992129 0 0 0 30.36586785121887 32.51013982386629 36.709298046771366 0 39.875003589128205 15.830627502168305 0 0 32.69132786126135 0 30.837653082595207 26.63388066093681 0 23.7069486000597 0 0 0 37.19544043558007 0 0 0 0 0) (7.248941481046554 14.461242893334797 3.578382723996902 0 13.32903940432356 9.21317110126606 14.723716053448957 7.765416576650798 10.298580199095282 9.106765346804739 10.138766098796777 19.780685780977436 12.110156281306422 8.503508377664165 10.625600250721492 10.157297774806137 0 0 0 0 0 0 0 0 33.4728790364975 0 0 0 0 0 0 0 0 0 0 0 36.445314763444905 0 0 37.151043446893716 0 0 0 0 0 0 0 0 0 0 38.63149309695418 0 0 0 37.85748831226014 0 0 0 0 31.638127562251412 24.93957442910802 23.98603215928246 0 0 0 0 0 34.58911388400913 27.071525059094554 0 0 34.66244005711077 25.97277208557005 33.62645199789205 21.652204153006863 30.052820805783192 0 31.05776033747853 0 32.58896139697806 31.62328591724941 0 27.883155851655683 0 0 0 0 19.248669391396138 33.66658701379153 25.06226076601371 0 0 0 31.353914547171552 0 0 31.012299924142166 0 0 0 37.31386825672868 20.09088950826617 37.19898152210113 0 0 35.958685508434826 0 0 14.894030859299809 39.82854314456555 17.56080680862756 30.813899382785117 0 31.356975099035527 0 0 0 0 0 36.81780482513467 0 0 0 0 0 0 38.480731977365345 0 0 0 0 0 0 31.75751433127528 0 0 0 0 0 34.986223277492186 0 0 0 0 0 37.812994497745365 0 0 0 31.763033067141468 34.73744944824194 35.16644951463623 0 38.17566566397018 19.388634579531487 0 0 35.99701901606432 0 34.35821655206943 30.208930221761005 0 22.346392425447544 0 0 0 37.89387295441763 0 0 0 0 0) (6.140842679341842 15.698449898228345 12.993698743622911 13.32903940432356 0 15.63678386580755 20.607277856299724 19.299375329811642 23.5786105756114 6.624742521825673 10.442592049253388 31.119913310166087 25.26834174118595 11.374383261664823 20.451766157727345 21.3252347502017 0 0 0 0 0 0 0 0 33.55361495388041 0 0 0 0 0 0 0 0 0 0 0 0 0 0 0 0 0 0 0 0 0 0 0 0 0 0 0 0 0 28.472984008933466 0 0 0 0 0 20.61160156528559 19.418015125629587 0 0 0 0 38.63939445349979 24.72080163414513 0 0 30.51724278283831 0 38.52353535386633 0 33.68442739870185 33.470074955399745 0 0 0 32.99626222130098 29.68530059305395 0 33.66437894821277 0 0 0 0 6.0061824858250645 23.287963318268847 38.391075682224574 0 0 0 23.03304103445537 0 0 20.701541652555637 37.32050340206286 0 39.90406856901038 0 33.202905732942575 24.707161609797936 0 0 36.9425165508483 32.94861494144393 33.372381834590975 10.87044812789639 0 30.060147420360167 25.334852906721206 0 19.575328033921206 0 0 0 27.546541708240145 0 0 0 36.528999542617306 34.72579719685076 0 0 0 26.409170242828246 0 0 0 0 0 0 0 0 0 0 32.26132841131429 0 0 39.56018700677768 0 0 0 0 36.46023755593694 0 0 31.380701537554994 0 0 25.61925734228082 0 0 19.709131314922267 0 37.632339321626624 0 0 36.121479033373696 30.652150242590682 0 35.64292653120984 0 0 0 24.566913897173226 0 0 0 0 0) (10.770001158849674 6.27491966472979 5.704725030726752 9.21317110126606 15.63678386580755 0 5.7822721209741745 6.5980631749425145 13.425513281689593 15.23964302944604 5.9094497872897644 27.086694411038835 17.282828242579182 16.83413179958505 5.47520534432614 18.437404423684615 0 0 0 0 0 0 0 0 0 0 0 0 0 0 0 0 0 0 0 0 0 0 0 0 0 0 0 0 0 0 0 0 0 0 31.563442554532234 0 0 0 0 0 0 0 0 25.983155209822712 17.587110638879405 16.869363838642556 0 0 0 0 0 39.99393705820543 30.502672248228357 0 0 29.463361587830555 24.419500994562153 27.96481352258557 19.13526395470732 20.93932751336845 0 34.88659713883717 34.6159332965564 23.441331898399184 22.931660743174973 0 19.337385430696884 0 0 39.58305326764161 0 21.25614960569366 29.326717334170354 27.26911163867512 0 0 0 37.609097910618516 32.02343018535768 0 26.82557131027201 0 0 0 0 20.73093539965332 0 0 0 26.754100902861623 0 0 9.964683700838085 30.7530771317817 16.388105474739156 23.513386243796457 0 35.21211074704648 0 0 0 0 0 31.774636672115758 0 0 0 0 0 0 0 0 0 0 0 33.070232808966416 0 36.28241543042072 0 0 0 0 0 0 0 31.402599806732017 37.408226679485765 36.09022018458122 0 28.85633402147417 0 0 0 27.55079712594859 28.339473166627528 0 0 0 10.71429015628123 0 0 27.075798884127117 0 25.146496087401278 21.08271746143765 0 25.5060404286151 0 0 0 38.205362385736656 0 0 0 0 37.25981272486747) (16.342075053414025 6.511635715810332 11.362527668806177 14.723716053448957 20.607277856299724 5.7822721209741745 0 9.609459454751606 16.141047505122362 20.94423582479699 10.198074098950867 30.873164311919705 20.458538208056 22.59983260275133 6.353852239588101 23.10259702095196 0 0 0 0 0 0 0 0 0 0 0 0 0 0 0 0 0 0 0 0 0 0 0 0 0 0 0 0 0 0 0 0 0 0 26.316751825304628 0 0 0 0 0 0 0 0 21.670961380874463 16.305129106007772 15.950411061026026 0 0 0 0 0 0 31.799332090108695 0 0 25.33154897278654 22.929139668788963 23.587017368247437 17.460804251010646 15.34027661342896 0 36.263614196548446 30.168107263579564 18.692266704285142 19.30999531747406 0 13.576524844971654 0 0 34.97034872066831 0 25.819845003314846 30.09214010855827 27.978916522240944 0 0 0 0 26.528525465462643 0 27.823372677769985 0 0 0 0 20.975979225737916 0 0 0 21.668844507608405 0 0 12.408110118544537 25.104848616706064 16.018158180970218 21.854402100774426 0 0 0 0 0 0 0 27.67738071737981 0 0 0 0 0 36.146630318160845 0 0 0 0 0 27.334616013638414 0 38.0524791369398 0 0 0 0 0 0 0 26.638898078358412 32.09251154464249 31.91664080101424 0 24.55935750566968 0 0 0 24.118953275318518 23.506644336727458 0 0 0 8.205403801153018 0 0 21.33018773313812 0 19.868789337674873 16.459255983385987 0 26.898431853093797 0 0 0 0 0 0 0 0 31.806836378772697) (13.349954860920466 12.788356690293993 6.336314288079152 7.765416576650798 19.299375329811642 6.5980631749425145 9.609459454751606 0 6.896802879862732 16.544671728713553 11.637526651082826 21.278476101094565 10.997067714120892 16.225523631308626 3.5904278765909208 13.767370039408641 0 0 0 0 0 0 0 0 0 0 0 0 0 0 0 0 0 0 0 0 0 0 0 39.97887788972849 0 0 0 0 0 0 0 0 0 0 30.997466324376244 0 0 0 0 0 0 0 0 23.873064653284946 24.103339886019658 23.42786575458187 0 0 0 39.67745027415318 0 0 23.924183469405314 0 0 26.925919954271833 19.24328178866594 25.86216850494897 14.419845733297807 24.37582810668819 0 28.29577464897639 39.77677865826731 28.29465109398031 28.68909540234827 0 21.23065864256667 0 0 0 0 25.27971384842116 35.7721429420211 20.818286348013963 0 0 0 39.052251354322316 35.60784766404154 0 33.229941962542895 0 0 0 37.27221060213526 14.558278384375914 0 0 0 31.168923461730863 0 0 16.26476110174723 33.85802950545115 10.811826162254874 29.99978126443154 0 38.388246812337485 0 0 0 0 0 29.103528635214193 0 0 0 0 0 0 0 0 0 0 0 34.28183913187938 0 29.68880530118722 0 0 0 0 0 33.58179795012685 0 36.22797402207989 36.86978293125344 33.40484556830145 0 34.151367385269616 0 0 0 24.16536191895242 27.002445859709663 0 0 35.25433986838525 16.78756227147136 0 0 29.71829766468433 0 29.25839670878797 26.068618393612365 0 18.92879357628776 0 0 0 0 0 0 0 0 0) (17.446912318461578 19.6665992745995 11.23115681846639 10.298580199095282 23.5786105756114 13.425513281689593 16.141047505122362 6.896802879862732 0 19.13046111375566 17.867872910509714 15.023601110951718 4.411017289389716 17.02867949133491 9.788538168290652 9.836110142130199 0 0 0 0 0 0 0 0 38.027605663680696 0 0 0 0 0 0 0 0 0 0 0 35.94955477385781 0 0 33.89495756642469 0 0 38.78162664893744 38.39095535809497 0 0 0 0 0 0 33.20951549247918 0 0 0 0 0 0 35.89949723985998 0 24.888271146532006 30.987592494807124 30.292448449971083 0 0 0 32.86132095281795 0 0 17.427095045299826 0 0 27.248736131734262 16.37819136293699 26.748577806279112 13.04050429013567 29.98241567104487 0 21.69170585121046 0 34.61377580777613 35.41529936209054 0 25.97704328561101 0 0 0 0 29.532428088615525 0 14.894602228300217 0 0 0 0 0 0 39.6257278785609 0 0 0 30.403896999498354 9.903604344506697 0 0 0 37.214115825301164 0 0 22.702056297704342 39.022013825354016 8.564321275336418 36.89209064784929 0 0 0 0 0 0 39.89161261825071 29.14746008771517 0 0 0 0 0 0 0 0 0 0 0 37.980291537849034 0 22.909735419843066 0 0 0 0 0 26.71700960214914 0 0 38.89795508476679 33.23819076612133 39.02175956033901 0 0 0 0 23.62278897810238 28.640767513436106 0 0 28.743915608873287 23.653102852746173 0 0 34.652646381344574 0 35.15576142544087 32.47927952479998 0 12.492391457541457 0 0 0 0 0 0 0 0 0) (4.82575988845132 17.80550172276398 10.54307674411853 9.106765346804739 6.624742521825673 15.23964302944604 20.94423582479699 16.544671728713553 19.13046111375566 0 12.06405593838467 24.736124142837365 19.9579529712434 4.75199097225429 18.750635571502876 15.108746930874123 0 0 0 0 0 0 39.131970476382676 0 28.786888539976168 0 0 0 0 0 0 0 0 0 0 0 36.24476485237433 0 0 39.28646957692367 0 0 0 0 0 0 0 0 0 0 0 0 0 0 28.96067876326868 0 0 0 0 0 25.405314262311407 24.25431444894919 0 0 0 0 0 25.584373329926123 34.8790906272413 0 32.51509782639682 0 35.07234258448407 0 30.72988106563389 35.44801350235072 0 38.51381057053595 0 36.28196402747822 33.84042072685397 0 34.51512942395609 0 0 0 0 11.450011965763366 29.834951178315823 33.46625934194509 0 0 0 22.639801983316946 0 0 27.22355342442611 0 0 39.46559276470012 0 29.025344698343698 28.286812384380326 0 0 0 36.13348461621948 35.81199030819644 14.814485120840223 0 26.667565334870797 30.66833855736028 0 22.30474172709633 37.932646183932285 0 0 33.10734212175086 0 0 0 37.898410523748296 36.21926518615027 0 0 0 29.446179854441922 0 0 0 0 0 0 38.73786755359371 0 0 0 38.22914484135234 0 0 0 0 0 0 0 0 0 0 31.449332964083265 0 0 26.219138788333822 0 0 22.560344171860105 0 0 0 0 38.89014814958684 33.87078403693841 0 30.463569555602295 0 0 0 30.120948209450543 0 0 0 0 0) (7.247549082807395 5.749112092984117 7.107994058137376 10.138766098796777 10.442592049253388 5.9094497872897644 10.198074098950867 11.637526651082826 17.867872910509714 12.06405593838467 0 29.81956248888445 21.087831517630693 15.159664573653995 11.340541128856046 20.295779146516786 0 0 0 0 0 0 0 0 0 0 0 0 0 0 0 0 0 0 0 0 0 0 0 0 0 0 0 0 0 0 0 0 0 0 36.50916239784443 0 0 0 38.88070101593296 0 0 0 0 31.56413859324928 14.866829507399956 13.877247088670172 0 0 0 0 0 35.15236280902029 35.283124102306765 0 0 35.12421235753929 30.259035852745203 33.523250325523065 25.01916157630094 23.54525810115124 0 39.558279612038596 34.59360559561545 24.266368800646582 22.2640096041841 0 23.276527440549486 0 0 39.71001620614783 0 15.665238402582693 24.351884605690692 32.40955010889569 0 0 0 33.23782462735466 34.03357315012619 0 21.75791791275074 0 0 0 0 26.175087065049475 34.54143761854233 0 0 28.007268030156368 0 0 4.9128290143746876 33.26717601750168 22.093992733276163 20.697902294066427 0 29.851079674708707 0 0 0 35.13230986772669 0 37.453001630636436 0 0 0 0 0 0 36.4837258809796 0 0 0 0 37.00670888237654 0 0 0 0 0 38.720715547076104 0 0 0 31.95623462351149 0 0 0 28.785820723825335 0 0 0 33.38660808729856 33.64605390840293 36.03103788005386 0 0 10.536079320777192 0 0 30.113973762972755 0 26.828580307220868 21.850168913491068 0 30.319763755093394 0 39.11957493083591 0 32.29592640681084 0 0 0 0 39.06866104681488) (26.01251161255018 33.25633543575502 22.76823789673553 19.780685780977436 31.119913310166087 27.086694411038835 30.873164311919705 21.278476101094565 15.023601110951718 24.736124142837365 29.81956248888445 0 10.617908361560842 20.328730786410855 24.606656892216254 9.89335389174497 0 28.835683227117116 0 0 0 38.83105099306633 33.296672672815 38.053956043344485 29.280224928933883 0 33.27448305456859 0 0 0 0 0 0 39.67150929612326 0 0 21.966140864931276 0 0 18.873669280946082 0 0 23.758463287195177 23.7290626340293 0 30.715662678903595 35.479720579312314 0 0 0 0 0 0 0 0 0 0 26.859986867881254 0 37.239012212169506 0 0 0 29.796668598729443 0 23.34697842440781 0 0 14.660518666313491 0 0 38.651304005680466 25.09574760085075 38.82350484236055 24.68942248174411 0 0 16.43908931800282 0 0 0 0 0 36.33995108852903 0 0 0 36.13939135273264 0 16.51881473182979 0 0 0 39.38411068986663 0 0 0 0 0 0 17.802126326530278 18.130613877796346 0 0 0 0 0 0 34.652556343125326 0 20.86046566339776 0 0 0 0 0 0 0 27.974242136090723 0 0 0 0 0 0 0 0 0 0 0 0 0 0 15.477375111111712 0 0 0 0 0 17.073397326301606 0 0 0 0 26.369117077876357 0 0 0 0 34.32917189593983 0 0 0 22.652695107317257 37.779059818353666 0 0 0 0 0 0 0 13.137800657075827 0 0 0 0 0 0 0 0 0) (19.31177257581868 23.557246432156212 14.071647837820839 12.110156281306422 25.26834174118595 17.282828242579182 20.458538208056 10.997067714120892 4.411017289389716 19.9579529712434 21.087831517630693 10.617908361560842 0 16.895654370200308 14.124577153032188 7.25630051314074 0 39.11491945321331 0 0 0 0 0 0 35.161637253894504 0 0 0 0 0 0 0 0 0 0 0 31.808222570972305 0 0 29.49144019053756 0 0 34.373715022419574 34.02246054737364 0 0 0 0 0 0 36.78859152780557 0 0 0 0 0 0 32.660805687066095 0 28.133885775985778 34.854516677837545 34.09566718261992 0 37.81554045748163 0 29.471911659169375 0 0 15.027636935800917 0 0 30.142398044794273 17.93928475940201 29.901267878845733 15.75599991799185 34.38424063792285 0 18.94831508570057 0 39.00040009691495 39.671353497372934 0 30.289923737206543 0 0 0 0 31.03467193395258 0 13.603879160924013 0 0 0 39.65032731045177 0 0 0 0 0 0 26.360784139813813 10.741378951049526 0 0 0 0 0 0 25.996308606168945 0 11.405411217386813 0 0 0 0 0 0 0 36.05529302738445 31.87005596296447 0 0 0 0 0 0 0 0 0 0 0 0 0 19.718321840972344 0 0 0 0 0 23.182206949526687 0 0 0 35.78249089285168 35.0282604448448 0 0 0 0 26.194324430106747 32.06292634204505 0 0 26.065933899965987 27.766489959525632 0 0 38.96984966899655 0 39.56658727163836 36.849189726632346 0 10.506093449926023 0 0 0 0 0 0 0 0 0) (8.286390944302038 20.68243544230228 11.311998951768434 8.503508377664165 11.374383261664823 16.83413179958505 22.59983260275133 16.225523631308626 17.02867949133491 4.75199097225429 15.159664573653995 20.328730786410855 16.895654370200308 0 19.108583822956927 11.06380013064554 0 0 0 0 0 0 35.50265065101615 0 25.716079572177946 0 38.54940729787313 0 0 0 0 0 0 0 0 0 31.720335372205227 0 0 34.53937154403126 0 0 39.20871786335488 0 0 0 0 0 0 0 0 0 0 0 30.02816821292808 0 0 0 0 0 29.389076939094327 28.27471508244973 0 0 0 0 0 27.019433248003587 31.42099014191398 0 34.49374709717114 0 33.38139840339805 0 29.54980408241883 37.69766288205842 0 34.808896954458376 0 39.310074609200335 37.3901380434642 0 36.056585938079905 0 0 0 0 15.856958115050524 34.568788390205384 30.492089596209926 0 0 0 23.342904161515797 0 0 31.95004281284331 0 0 39.638030500187526 37.96565041539179 26.82524282640889 31.328494091446423 0 0 0 38.80134855695591 38.01268381388724 18.70860325811604 0 25.23367041833077 34.858483213835235 0 25.021664492018616 36.450373687775674 0 0 37.221591755126596 0 0 0 39.35950370663687 37.793299496467895 0 0 0 32.140909163002775 0 0 0 0 0 0 34.80045930252012 0 0 0 0 0 37.18810857546502 0 0 0 0 0 0 0 0 32.15514583026545 39.90842196604791 0 27.454331107018614 0 0 25.627311751965188 0 0 0 0 0 36.892963000206336 0 27.28926416616526 0 0 0 34.25204217377824 0 0 0 0 0) (14.919655091356136 10.816044428856388 8.208147131413082 10.625600250721492 20.451766157727345 5.47520534432614 6.353852239588101 3.5904278765909208 9.788538168290652 18.750635571502876 11.340541128856046 24.606656892216254 14.124577153032188 19.108583822956927 0 17.35588907330923 0 0 0 0 0 0 0 0 0 0 0 0 0 0 0 0 0 0 0 0 0 0 0 0 0 0 0 0 0 0 0 0 0 0 28.046751358580153 0 0 0 0 0 0 0 0 21.495645951068916 21.882973273396825 21.337846304238976 0 0 0 0 0 0 25.85352929836371 0 0 24.781780119132538 18.944373907131034 23.49584067111357 13.678742656709817 20.797497637961264 0 30.29921475412256 36.43767111525367 24.908378348954844 25.6507005256084 0 17.68756075411707 0 0 0 0 26.279581586430993 34.54154838153345 22.30437895492477 0 0 0 0 32.025095851600234 0 32.09105622499509 0 0 0 0 15.533696313304663 0 0 0 27.678383992267936 0 0 15.37806747489823 30.26800145408001 10.982500579376774 27.662899726564305 0 39.92146139251386 0 0 0 0 0 27.04116581020699 0 0 0 0 0 37.73526469027454 0 0 0 0 0 30.884362661133853 0 31.943794030603033 0 0 0 0 0 36.02313096811173 0 32.806295477784374 33.93425609961593 31.36861112678148 0 30.87506639432311 0 0 0 22.48686219725501 24.31017618014584 0 0 37.087922768550925 14.130451692445456 0 0 26.139619632415695 0 25.728466443443786 22.73184214370202 0 20.88904136596271 0 0 0 0 0 0 0 0 37.33278255853027) (16.11923231673665 24.30431813174216 13.447155314596221 10.157297774806137 21.3252347502017 18.437404423684615 23.10259702095196 13.767370039408641 9.836110142130199 15.108746930874123 20.295779146516786 9.89335389174497 7.25630051314074 11.06380013064554 17.35588907330923 0 0 38.07115066199835 0 0 0 0 35.35101515937878 0 28.22361953723948 0 36.85168063953553 0 0 0 0 0 0 0 0 0 27.261021602091407 0 0 27.07968041588918 0 0 32.000202237325084 33.00406026103128 0 37.02779454662841 0 0 0 0 0 0 0 0 39.60834879028751 0 0 36.086035850868385 0 34.71441428327516 35.06177300839294 34.12631388521461 0 39.64913247380372 0 32.65423636888959 0 37.02183115269067 20.547343628204615 0 0 36.985505723880834 25.177120184829366 36.56071111155422 22.647794432893928 38.136432646277036 0 23.775973795380718 0 0 0 0 34.855448595042304 0 0 0 0 26.55851663449369 0 20.175717900735226 0 0 0 32.772844062744056 0 0 0 0 0 0 27.678416111824045 17.997656992205954 0 0 0 0 0 0 25.026936912982606 0 18.186765107739838 0 0 35.89103836598612 0 0 0 0 37.82998441972188 38.814128733121386 0 0 0 0 0 0 0 0 0 0 0 0 0 23.741802172681904 0 0 0 0 0 26.264765427753474 0 0 0 0 36.262353137565775 0 0 0 0 33.19999119660297 38.47556095442787 37.265484670859514 0 30.695521407401298 29.085549988309868 0 0 0 0 0 39.38956364942552 0 16.775068028089613 0 0 0 0 0 0 0 0 0) (0 0 0 0 0 0 0 0 0 0 0 0 0 0 0 0 0 0 0 0 15.74822941614167 0 35.62035429630101 30.936222449171048 0 0 35.46495484140698 19.075651463593616 0 12.674752941643527 17.214963469391964 0 4.932023946909937 28.99899837089796 0 0 0 12.997718412344412 0 0 26.46898856948237 21.145419408243043 0 0 23.931801397281674 0 0 18.42154072671438 0 0 0 0 0 0 0 0 0 0 0 0 0 0 0 0 0 0 0 0 0 0 0 0 0 0 0 0 0 0 0 0 0 0 0 0 0 0 0 0 0 0 38.79732997430022 0 0 0 0 0 0 0 0 0 0 0 0 0 36.92131314609553 0 0 0 0 0 0 0 0 0 38.06530129175509 0 0 0 0 0 0 0 0 0 0 0 0 0 0 0 0 0 0 0 0 0 0 0 0 0 0 0 0 0 0 0 0 0 0 0 0 0 0 0 0 0 0 0 36.52964227903096 0 0 0 0 0 0 0 0 0 0 0 31.543861989975625 0) (0 0 0 0 0 0 0 0 0 0 0 28.835683227117116 39.11491945321331 0 0 38.07115066199835 0 0 0 19.33474613733832 0 13.453122292750344 32.20562298826007 29.77994793028347 37.97459741747464 25.13650032930021 27.647705151212005 0 26.755390121179403 0 0 13.835874314929756 0 34.80683447241414 20.497056613516946 34.3742025309513 19.958153171099454 0 18.38703721213498 12.189328643073523 33.08012419852206 39.94517775758336 8.662755179388599 5.106879744669009 36.00028199921862 16.935062472042116 6.6723064779283785 0 19.636050846718494 0 0 0 0 0 0 0 0 23.16170146401549 0 0 0 0 0 15.355116267122762 0 21.764382073059004 0 0 32.83318690272094 0 0 0 0 0 0 0 0 29.801956513574957 0 0 0 0 0 15.318695301459329 0 0 0 0 0 37.38218374505838 0 0 0 0 0 0 0 0 0 0 15.687062790404694 0 0 0 0 0 0 0 0 0 0 0 0 0 0 0 0 0 14.778578346746688 0 0 0 0 0 0 0 0 0 0 0 0 0 0 26.786453610130618 0 0 0 0 0 22.583396411047097 0 0 0 0 12.014817656761672 0 0 0 0 0 0 0 0 28.757232886479027 0 0 0 0 0 0 0 0 35.868223292647 0 0 0 0 0 0 0 0 0) (0 0 0 0 0 0 0 0 0 0 0 0 0 0 0 0 0 0 0 34.41077251151556 0 36.86870763400862 0 0 0 21.355110995836974 0 0 18.90912448483 0 0 37.455088906008534 0 0 26.979020818183734 13.048295548724736 0 0 39.150949683275556 0 0 0 0 0 0 0 39.10769348486928 0 28.571933396622057 0 0 0 0 0 0 0 0 0 0 0 0 0 0 0 0 0 0 0 0 0 0 0 0 0 0 0 0 0 0 0 0 0 0 0 0 0 0 0 0 0 0 0 0 0 0 0 0 0 0 0 0 0 0 0 0 0 0 0 0 0 0 0 0 0 0 0 0 0 0 0 0 0 0 0 0 0 0 0 0 0 0 0 0 0 0 0 0 0 0 0 0 0 0 0 0 0 0 0 0 0 0 0 0 0 0 0 0 0 0 0 0 0 0 0 0 0 0 0 0 0 0 0) (0 0 0 0 0 0 0 0 0 0 0 0 0 0 0 0 0 19.33474613733832 34.41077251151556 0 0 5.890822861265495 28.968029627631008 21.991042396959323 39.12388164293606 21.027783873361642 23.36494163021257 24.608067025046314 19.64282022717856 38.34365132622881 37.10949997199328 23.917607283562383 37.008522732249176 27.516763049052003 20.77813599062447 21.399062878779105 24.996750496736535 0 29.382908466317154 24.75627072400801 15.5567438346361 21.93687279482594 20.016109999999898 22.89713404795428 25.137711580223375 15.147904269054957 16.707257499869648 23.590712420943877 21.5599935970188 0 0 0 0 0 0 0 0 0 0 0 0 0 0 33.756773976210724 0 0 0 0 0 0 0 0 0 0 0 0 0 0 0 0 0 0 0 30.75978436597284 0 0 0 0 0 0 0 0 0 0 0 0 0 0 0 0 34.56084822751051 0 0 0 0 0 0 0 0 0 0 0 0 0 0 0 0 0 33.592726848681146 0 0 0 0 0 0 0 0 0 0 0 0 0 0 0 0 0 0 0 0 0 0 0 0 0 31.108456228450258 0 0 0 0 0 0 0 0 0 0 0 0 0 0 0 0 0 0 0 0 0 0 0 0 0 0 0) (0 0 0 0 0 0 0 0 0 0 0 0 0 0 0 0 15.74822941614167 0 0 0 0 0 27.965343089167977 27.160626118791004 32.99802101369243 0 30.270224289945517 28.67962062711816 0 7.273073543816229 8.64692800847415 0 16.84405808893246 22.739819037421142 0 0 0 4.079945887193524 0 0 31.92477866438136 29.546143314683754 0 0 21.0260995148756 39.99594316766022 0 25.43437226937419 0 0 0 0 0 0 0 0 0 0 0 0 0 0 0 0 0 0 0 0 0 0 0 0 0 0 0 0 37.91915702360402 0 0 0 0 0 0 0 0 0 0 0 0 0 25.891007540627452 0 0 0 0 0 0 0 0 32.094977247070446 0 0 0 0 21.27336771784373 0 0 0 0 0 0 0 0 0 23.50688594056022 0 0 0 0 0 0 0 0 0 0 0 0 0 0 0 0 0 0 0 0 0 0 0 26.75481662521572 0 39.4124551918553 0 0 0 0 0 0 0 38.77849163622128 0 0 0 0 0 0 0 0 0 24.382178805956965 0 0 0 0 0 0 0 0 0 34.164748729326384 0 17.210252914844673 0) (0 0 0 0 0 0 0 0 0 0 0 38.83105099306633 0 0 0 0 0 13.453122292750344 36.86870763400862 5.890822861265495 0 0 28.91465930753818 23.223327239965343 38.01432374827893 20.238049967543006 23.36612730332705 30.041087315742015 19.91079456254828 0 0 19.22355705466203 0 28.834699583081306 18.41519511409044 24.257895086819087 22.081294917448677 0 24.79026218569515 19.97656244592577 20.67618384079948 27.334713152693467 15.07261468297077 17.197687484937706 27.71502861288388 13.222508554282586 11.205950375247605 28.543221669316633 18.75376732182158 0 0 0 0 0 0 0 0 36.46567737406913 0 0 0 0 0 27.957041709596687 0 35.2101610953 0 0 0 0 0 0 0 0 0 0 0 0 0 0 0 0 0 25.370081902513984 0 0 0 0 0 0 0 0 0 0 0 0 0 0 0 0 28.801262308464707 0 0 0 0 0 0 0 0 0 0 0 0 0 0 0 0 0 27.742039465245522 0 0 0 0 0 0 0 0 0 0 0 0 0 0 39.78512875390671 0 0 0 0 0 35.78348906178076 0 0 0 0 25.227109064705537 0 0 0 0 0 0 0 0 0 0 0 0 0 0 0 0 0 0 0 0 0 0 0 0 0 0 0) (0 0 0 0 0 0 0 0 0 39.131970476382676 0 33.296672672815 0 35.50265065101615 0 35.35101515937878 35.62035429630101 32.20562298826007 0 28.968029627631008 27.965343089167977 28.91465930753818 0 8.492842583366482 11.386090338165959 0 5.6170935328746445 31.351398794446517 0 24.34907582348584 20.154861048097736 0 32.32951404640883 6.73035703963643 0 0 14.208098864948562 26.423629499036238 0 23.884871468891635 25.574810093804444 29.703635546869258 24.183669474259155 30.519295211372338 12.907005399433052 16.27479849219196 36.00923510673377 26.64299210481655 0 0 0 0 0 0 35.42747916901594 0 0 0 0 0 0 0 0 0 0 0 0 36.455836090053886 0 0 0 0 0 0 0 0 0 0 0 0 0 0 0 0 0 0 0 0 0 0 0 0 0 31.934521881247907 0 0 0 0 0 33.67164963064811 37.87799068507787 0 0 0 27.30866906131543 0 0 0 0 0 0 0 0 0 20.287431845654407 0 0 0 0 0 0 0 0 0 0 0 0 0 0 0 0 0 0 0 0 0 0 0 37.135167119632506 0 0 0 0 0 0 0 0 0 34.02172506017877 0 0 35.520956402847226 0 0 0 0 0 0 0 0 0 0 0 0 0 0 0 0 0 0 37.09113530279976 0) (0 0 0 0 0 0 0 0 0 0 0 38.053956043344485 0 0 0 0 30.936222449171048 29.77994793028347 0 21.991042396959323 27.160626118791004 23.223327239965343 8.492842583366482 0 19.87609540192826 0 4.889710117747538 23.44123188454464 0 21.686311732413806 18.53937697822928 0 26.927027569445656 5.617655016322228 0 0 16.459388814753556 24.515585698313398 0 24.568517504322806 17.096614453664944 21.573737173465883 23.12898333150787 29.45865910940258 7.0401732196880324 12.854368368444941 32.149610757575765 18.912208998847937 0 0 0 0 0 0 0 0 0 0 0 0 0 0 0 0 0 0 0 0 0 0 0 0 0 0 0 0 0 0 0 0 0 0 0 0 0 0 0 0 0 0 0 0 0 0 0 0 0 0 0 0 38.843446301401706 0 0 0 32.514403959426815 0 0 0 0 0 0 0 0 0 26.676052791747733 0 0 0 0 0 0 0 0 0 0 0 0 0 0 0 0 0 0 0 0 0 0 0 0 0 0 0 0 0 0 0 0 0 0 0 0 0 0 0 0 0 0 0 0 0 0 0 0 0 0 0 0 0 0 0 39.73363031635102 0) (33.486700810900786 0 36.765206766368166 33.4728790364975 33.55361495388041 0 0 0 38.027605663680696 28.786888539976168 0 29.280224928933883 35.161637253894504 25.716079572177946 0 28.22361953723948 0 37.97459741747464 0 39.12388164293606 32.99802101369243 38.01432374827893 11.386090338165959 19.87609540192826 0 0 16.299763734894146 0 0 31.62460062039793 27.03095060506954 0 0 17.130367569334776 0 0 18.016688626630952 32.76819785167258 0 27.090623653040513 36.960144075228044 0 29.326427502612262 34.92914617967078 23.55323070475306 24.793908568567538 0 37.6193945397984 0 0 0 0 0 0 25.50010586251207 0 0 0 0 0 0 0 0 0 0 0 37.453176410721184 25.904854379581245 0 0 33.00837277884812 0 0 0 0 0 0 0 0 0 0 0 0 0 0 0 0 34.09598927159706 0 0 0 0 0 21.09771837522028 0 0 0 0 0 26.716819058301116 39.14493410652974 0 36.75043129538473 0 23.936823864219964 0 39.97513726603575 36.69795063058427 0 0 0 0 0 31.17116498295148 15.73822184735278 0 0 0 0 0 0 33.53449841664839 33.04067336517676 0 0 0 35.36903305419846 0 0 0 0 0 0 0 0 0 0 0 33.000025217580564 0 33.073376118837736 0 0 0 0 0 0 0 24.74047921941803 0 0 25.108329269511092 0 0 0 0 0 0 0 0 0 0 0 0 0 0 0 0 0 0 36.85437927681168 0) (0 0 0 0 0 0 0 0 0 0 0 0 0 0 0 0 0 25.13650032930021 21.355110995836974 21.027783873361642 0 20.238049967543006 0 0 0 0 0 0 3.732206898027384 0 0 16.176541390127472 0 0 5.670587278307291 13.851927661466434 0 0 18.659130771558345 36.58730043828086 34.47184796021251 39.29449663336921 31.96387215947575 30.23499839996791 0 33.40359328369219 18.47485477422552 0 7.3517046848543695 0 0 0 0 0 0 0 0 0 0 0 0 0 0 31.35651243940389 0 0 0 0 0 0 0 0 0 0 0 0 0 0 0 0 0 0 0 24.605698692874757 0 0 0 0 0 0 0 0 0 0 0 0 0 0 0 0 38.950411282080566 0 0 0 0 0 0 0 0 0 0 0 0 0 0 0 0 0 32.327837009155026 0 0 0 0 0 0 0 0 0 0 0 0 0 0 0 0 0 0 0 0 0 0 0 0 0 31.475883946274664 0 0 0 0 0 0 0 0 0 0 0 0 0 0 0 0 0 0 0 0 0 0 0 0 0 0 0) (0 0 0 0 0 0 0 0 0 0 0 33.27448305456859 0 38.54940729787313 0 36.85168063953553 35.46495484140698 27.647705151212005 0 23.36494163021257 30.270224289945517 23.36612730332705 5.6170935328746445 4.889710117747538 16.299763734894146 0 0 28.206834514567618 0 25.47850773881908 21.852343686088556 39.97589790191455 31.611334300375887 7.533247029032256 0 0 12.006495926556923 28.052564026352172 0 20.831410680090436 21.289610163910165 26.2395757273968 20.164438219854876 26.577915105228893 11.565411697109054 11.083687246691122 30.939069655016855 23.745938566620577 0 0 0 0 0 0 0 0 0 0 0 0 0 0 0 0 0 0 0 0 0 0 0 0 0 0 0 0 0 0 0 0 0 0 0 0 0 0 0 0 0 0 0 0 0 37.23841389878459 0 0 0 0 0 39.229694017924274 35.12724375767379 0 0 0 32.46261155066934 0 0 0 0 0 0 0 0 0 25.747632763898025 0 0 0 0 0 0 0 0 0 0 0 0 0 0 0 0 0 0 0 0 0 0 0 0 0 0 0 0 0 37.47749507086695 0 0 0 39.61381523912299 0 0 0 0 0 0 0 0 0 0 0 0 0 0 0 0 0 0 0 0 0 0 0) (0 0 0 0 0 0 0 0 0 0 0 0 0 0 0 0 19.075651463593616 0 0 24.608067025046314 28.67962062711816 30.041087315742015 31.351398794446517 23.44123188454464 0 0 28.206834514567618 0 38.63547479160629 21.682692692005123 23.49791474748793 0 14.409081792821635 25.292968859589728 0 33.4229842999783 38.130059711572365 24.607691133116184 0 0 9.600845527478041 2.719840629007506 39.93901874600913 0 18.92179207164535 29.951755652597857 0 4.818858684678313 0 0 0 0 0 0 0 0 0 0 0 0 0 0 0 0 0 0 0 0 0 0 0 0 0 0 0 0 0 0 0 0 0 0 0 0 0 0 0 0 0 0 0 0 0 0 0 0 0 0 0 0 0 0 0 0 0 0 0 0 0 0 0 0 0 0 0 0 0 0 0 0 0 0 0 0 0 0 0 0 0 0 0 0 0 0 0 0 0 0 0 0 0 0 0 0 0 0 0 0 0 0 0 0 0 0 0 0 0 0 0 0 0 0 0 0 0 0 0 0 0 0 0 0) (0 0 0 0 0 0 0 0 0 0 0 0 0 0 0 0 0 26.755390121179403 18.90912448483 19.64282022717856 0 19.91079456254828 0 0 0 3.732206898027384 0 38.63547479160629 0 0 0 19.26318762195435 0 0 8.941095329432672 10.182320582737088 0 0 22.17884999620062 37.666572482336456 32.02724486553529 36.47033673883536 32.88928479509031 31.85267187895019 0 33.11594751811345 20.223395459212462 39.59711734981424 10.691222039982595 0 0 0 0 0 0 0 0 0 0 0 0 0 0 34.33325809087435 0 0 0 0 0 0 0 0 0 0 0 0 0 0 0 0 0 0 0 27.834510518466658 0 0 0 0 0 0 0 0 0 0 0 0 0 0 0 0 0 0 0 0 0 0 0 0 0 0 0 0 0 0 0 0 0 0 35.19446134518354 0 0 0 0 0 0 0 0 0 0 0 0 0 0 0 0 0 0 0 0 0 0 0 0 0 34.12337529903073 0 0 0 0 0 0 0 0 0 0 0 0 0 0 0 0 0 0 0 0 0 0 0 0 0 0 0) (0 0 0 0 0 0 0 0 0 0 0 0 0 0 0 0 12.674752941643527 0 0 38.34365132622881 7.273073543816229 0 24.34907582348584 21.686311732413806 31.62460062039793 0 25.47850773881908 21.682692692005123 0 0 4.606200639072923 0 11.686475643964485 18.20387236611477 0 0 37.42947713881063 3.342036737754843 0 0 24.668832734574263 22.38232024885549 0 0 14.96040088741563 34.260534744829826 0 18.21991516319535 0 0 0 0 0 0 0 0 0 0 0 0 0 0 0 0 0 0 0 0 0 0 0 0 0 0 0 0 0 0 0 0 0 0 0 0 0 0 0 0 0 0 33.10491558782982 0 0 0 0 0 0 0 0 36.405523908772146 0 0 0 0 25.622650001086907 0 0 0 0 0 0 0 0 0 25.65721748620871 0 0 0 0 0 0 0 0 0 0 0 0 0 0 0 0 0 0 0 0 0 0 0 32.58983884134698 0 0 0 0 0 0 0 0 0 0 0 0 0 0 0 0 0 0 0 31.651561038870913 0 0 0 0 0 0 0 0 0 0 0 24.217199248806846 0) (0 0 0 0 0 0 0 0 0 0 0 0 0 0 0 0 17.214963469391964 0 0 37.10949997199328 8.64692800847415 0 20.154861048097736 18.53937697822928 27.03095060506954 0 21.852343686088556 23.49791474748793 0 4.606200639072923 0 0 15.709898738845949 14.37721442986939 0 0 33.64130014092889 6.281564652352458 0 0 24.694616405324197 23.687640576575212 0 0 12.427243248606647 31.35894475813584 0 19.408274905578498 0 0 0 0 0 0 0 0 0 0 0 0 0 0 0 0 0 0 0 0 0 0 0 0 0 0 0 0 0 0 0 0 0 0 0 0 0 0 0 0 0 0 32.95128912520418 0 0 0 0 0 0 0 0 33.106541113841885 0 0 0 0 22.545427288435814 0 0 0 0 0 0 0 0 0 21.599682435683842 0 0 0 0 0 0 0 0 0 0 0 0 0 0 0 0 0 0 0 0 0 0 0 30.39480208692378 0 0 0 0 0 0 0 0 0 38.22902800472414 0 0 0 0 0 0 0 0 0 31.90194677850298 0 0 0 0 0 0 0 0 0 0 0 23.65297104898503 0) (0 0 0 0 0 0 0 0 0 0 0 0 0 0 0 0 0 13.835874314929756 37.455088906008534 23.917607283562383 0 19.22355705466203 0 0 0 16.176541390127472 39.97589790191455 0 19.26318762195435 0 0 0 0 0 10.506989223455262 29.09287358643484 33.66266085350198 0 5.572517792682696 25.88809117209206 39.46876417820888 0 22.452381934837458 18.05951937029073 0 28.893416145020318 9.043096008232489 0 8.883237478171944 0 0 0 0 0 0 0 0 24.76715978665678 0 0 0 0 0 15.189241139279956 0 25.38618177728192 0 0 0 0 0 0 0 0 0 0 0 36.57750691638944 0 0 0 0 0 8.647272261193253 0 0 0 0 0 0 0 0 0 0 0 0 0 0 0 0 23.907578147801374 0 0 0 0 0 0 0 0 0 0 0 0 0 0 0 0 0 16.235196807806226 0 0 0 0 0 0 0 0 0 0 0 0 0 0 33.86518853691609 0 0 0 0 0 29.28830389006516 0 0 0 0 15.740125649666567 0 0 0 0 0 0 0 0 32.86381021850767 0 0 0 0 0 0 0 0 0 0 0 0 0 0 0 0 0 0) (0 0 0 0 0 0 0 0 0 0 0 0 0 0 0 0 4.932023946909937 0 0 37.008522732249176 16.84405808893246 0 32.32951404640883 26.927027569445656 0 0 31.611334300375887 14.409081792821635 0 11.686475643964485 15.709898738845949 0 0 25.611593099032977 0 0 0 13.25430223634835 0 0 21.537356168093638 16.337222166385164 0 0 20.05446954904644 37.68332649173393 0 13.492430745411177 0 0 0 0 0 0 0 0 0 0 0 0 0 0 0 0 0 0 0 0 0 0 0 0 0 0 0 0 0 0 0 0 0 0 0 0 0 0 0 0 0 0 0 0 0 0 0 0 0 0 0 0 0 0 0 0 37.18960611998102 0 0 0 0 0 0 0 0 0 37.25495107411047 0 0 0 0 0 0 0 0 0 0 0 0 0 0 0 0 0 0 0 0 0 0 0 0 0 0 0 0 0 0 0 0 0 0 0 0 0 0 0 0 0 0 0 39.56788594739424 0 0 0 0 0 0 0 0 0 0 0 33.69116311792322 0) (0 0 0 0 0 0 0 0 0 0 0 39.67150929612326 0 0 0 0 28.99899837089796 34.80683447241414 0 27.516763049052003 22.739819037421142 28.834699583081306 6.73035703963643 5.617655016322228 17.130367569334776 0 7.533247029032256 25.292968859589728 0 18.20387236611477 14.37721442986939 0 25.611593099032977 0 0 0 19.276333150172047 20.62184162815012 0