(ÁlvaroObregónDistritoFederal AzcapotzalcoDistritoFederal BenitoJuárezDistritoFederal CoyoacánDistritoFederal CuajimalpadeMorelosDistritoFederal CuauhtémocDistritoFederal GustavoMaderoDistritoFederal IztacalcoDistritoFederal IztapalapaDistritoFederal LaMagdalenaContrerasDistritoFederal MiguelHidalgoDistritoFederal MilpaAltaDistritoFederal TláhuacDistritoFederal TlalpanDistritoFederal VenustianoCarranzaDistritoFederal XochimilcoDistritoFederal AmacuzacMorelos AtlatlahucanMorelos AxochiapanMorelos AyalaMorelos CoatlándelRíoMorelos CuautlaMorelos CuernavacaMorelos EmilianoZapataMorelos HuitzilacMorelos JantetelcoMorelos JiutepecMorelos JojutlaMorelos JonacatepecMorelos MazatepecMorelos MiacatlánMorelos OcuitucoMorelos PuentedeIxtlaMorelos TemixcoMorelos TemoacMorelos TepalcingoMorelos TepoztlánMorelos TetecalaMorelos TeteladelVolcánMorelos TlalnepantlaMorelos TlaltizapándeZapataMorelos TlaquiltenangoMorelos TlayacapanMorelos TotolapanMorelos XochitepecMorelos YautepecMorelos YecapixtlaMorelos ZacatepecMorelos ZacualpanMorelos AcambaydeRuízCastañedaEstadoDeMéxico AcolmanEstadoDeMéxico AculcoEstadoDeMéxico AlmoloyadeAlquisirasEstadoDeMéxico AlmoloyadeJuárezEstadoDeMéxico AlmoloyadelRíoEstadoDeMéxico AmanalcoEstadoDeMéxico AmatepecEstadoDeMéxico AmecamecaEstadoDeMéxico ApaxcoEstadoDeMéxico AtencoEstadoDeMéxico AtizapánEstadoDeMéxico AtizapándeZaragozaEstadoDeMéxico AtlacomulcoEstadoDeMéxico AtlautlaEstadoDeMéxico AxapuscoEstadoDeMéxico AyapangoEstadoDeMéxico CalimayaEstadoDeMéxico CapulhuacEstadoDeMéxico ChalcoEstadoDeMéxico ChapadeMotaEstadoDeMéxico ChapultepecEstadoDeMéxico ChiautlaEstadoDeMéxico ChicoloapanEstadoDeMéxico ChiconcuacEstadoDeMéxico ChimalhuacánEstadoDeMéxico CoacalcodeBerriozábalEstadoDeMéxico CoatepecHarinasEstadoDeMéxico CocotitlánEstadoDeMéxico CoyotepecEstadoDeMéxico CuautitlánEstadoDeMéxico CuautitlánIzcalliEstadoDeMéxico DonatoGuerraEstadoDeMéxico EcatepecdeMorelosEstadoDeMéxico EcatzingoEstadoDeMéxico ElOroEstadoDeMéxico HuehuetocaEstadoDeMéxico HueypoxtlaEstadoDeMéxico HuixquilucanEstadoDeMéxico IsidroFabelaEstadoDeMéxico IxtapalucaEstadoDeMéxico IxtapandelaSalEstadoDeMéxico IxtapandelOroEstadoDeMéxico IxtlahuacaEstadoDeMéxico JalatlacoEstadoDeMéxico JaltencoEstadoDeMéxico JilotepecEstadoDeMéxico JilotzingoEstadoDeMéxico JiquipilcoEstadoDeMéxico JocotitlánEstadoDeMéxico JoquicingoEstadoDeMéxico JuchitepecEstadoDeMéxico LaPazEstadoDeMéxico LermaEstadoDeMéxico LuvianosEstadoDeMéxico MalinalcoEstadoDeMéxico MelchorOcampoEstadoDeMéxico MetepecEstadoDeMéxico MexicaltzingoEstadoDeMéxico NaucalpandeJuárezEstadoDeMéxico NextlalpanEstadoDeMéxico NezahualcóyotlEstadoDeMéxico NicolásRomeroEstadoDeMéxico NopaltepecEstadoDeMéxico OcoyoacacEstadoDeMéxico OcuilanEstadoDeMéxico OtumbaEstadoDeMéxico OtzoloapanEstadoDeMéxico OtzolotepecEstadoDeMéxico OzumbaEstadoDeMéxico PapalotlaEstadoDeMéxico PolotitlánEstadoDeMéxico RayónEstadoDeMéxico SanAntoniolaIslaEstadoDeMéxico SanFelipedelProgresoEstadoDeMéxico SanJosédelRincónEstadoDeMéxico SanMartíndelasPirámidesEstadoDeMéxico SanMateoAtencoEstadoDeMéxico SanSimóndeGuerreroEstadoDeMéxico SantoTomásEstadoDeMéxico SoyaniquilpandeJuárezEstadoDeMéxico SultepecEstadoDeMéxico TecámacEstadoDeMéxico TejupilcoEstadoDeMéxico TemamatlaEstadoDeMéxico TemascalapaEstadoDeMéxico TemascalcingoEstadoDeMéxico TemascaltepecEstadoDeMéxico TemoayaEstadoDeMéxico TenancingoEstadoDeMéxico TenangodelAireEstadoDeMéxico TenangodelValleEstadoDeMéxico TeoloyucanEstadoDeMéxico TeotihuacánEstadoDeMéxico TepetlaoxtocEstadoDeMéxico TepetlixpaEstadoDeMéxico TepotzotlánEstadoDeMéxico TequixquiacEstadoDeMéxico TexcaltitlánEstadoDeMéxico TexcalyacacEstadoDeMéxico TexcocoEstadoDeMéxico TezoyucaEstadoDeMéxico TianguistencoEstadoDeMéxico TimilpanEstadoDeMéxico TlalmanalcoEstadoDeMéxico TlalnepantladeBazEstadoDeMéxico TlatlayaEstadoDeMéxico TolucaEstadoDeMéxico TonanitlaEstadoDeMéxico TonaticoEstadoDeMéxico TultepecEstadoDeMéxico TultitlánEstadoDeMéxico ValledeBravoEstadoDeMéxico ValledeChalcoSolidaridadEstadoDeMéxico VilladeAllendeEstadoDeMéxico VilladelCarbónEstadoDeMéxico VillaVictoriaEstadoDeMéxico XonacatlánEstadoDeMéxico ZacazonapanEstadoDeMéxico ZacualpanEstadoDeMéxico ZinacantepecEstadoDeMéxico ZumpahuacánEstadoDeMéxico ZumpangoEstadoDeMéxico)
((0 12.982287776459112 7.014847548353563 7.248941481046554 6.140842679341842 10.770001158849674 16.342075053414025 13.349954860920466 17.446912318461578 4.82575988845132 7.247549082807395 26.01251161255018 19.31177257581868 8.286390944302038 14.919655091356136 16.11923231673665 77.34929902301224 53.64100808552173 97.8796260280474 64.77236014063543 65.10292028416879 61.16738681193328 43.635418358926174 51.4417917825163 33.486700810900786 78.59577411640498 46.81033447515805 74.85127378214838 79.72020808580962 64.8273260333913 60.22305441832445 66.19462458278088 74.93439902071728 50.1390654018053 74.138035016224 85.42510100370069 39.8795468458237 65.5856512189814 68.84932292680192 42.05941359915949 67.96625718021313 73.01071875207464 46.84506731039336 48.656354784683074 56.50349029318919 49.91143170064908 60.28523485036518 70.21664386926106 73.23746735010188 85.66194926129751 42.31957898188225 95.1733542350239 83.07262894707539 53.38721410534143 32.88685573312242 80.00076473332457 0 51.63246038572134 61.449459591265686 36.90037344860291 19.989480580537347 19.989480580537347 78.32363174647352 55.72818916785872 59.295555531085164 48.30448436887348 43.873092862405514 29.330536075667375 34.404448959337735 54.343620980371995 35.769735868648354 39.69973343330294 32.49514115783343 38.37031224813628 27.769769798708282 30.642488949329195 69.55588326386626 38.2523565367529 41.64233985421678 31.49705595519196 29.229727765453017 91.8789974024304 29.869169466367907 62.35223993031005 0 46.77607332742056 57.14313033368595 12.131528461015074 27.339406483651306 32.28591115772062 68.83443383418413 0 57.76692962195853 26.839200068020556 41.25675393086217 66.74819202338786 24.679741032126657 42.79857061231666 66.02435315021926 43.769464837092514 43.78386135267994 27.0670947916011 30.56952782183372 0 49.1001051304884 35.25347677499814 38.71124643452637 38.840810165441 10.42229881195992 40.416570724748254 24.022277368676626 26.600062296160125 66.11482773037741 25.081066989979796 42.71481456469206 57.84508248033687 0 33.64180674508967 53.91313647990509 41.96067926143552 0 41.4881354692113 39.74355974229002 80.59923779402133 97.77536793661731 52.1308758604539 32.09028684859127 85.08771884603745 0 72.43096827681318 89.26477732233076 43.645290332911486 0 38.85104625750137 57.327027608927175 95.86112696089553 87.46811181453087 38.20072947601608 54.0492478497157 41.91538864282599 44.25917025573761 39.13442231771182 48.17215530227315 46.287994430518495 52.381123924906525 35.854491287520815 55.68780779637874 83.06800564730202 35.54915134734348 37.309870919638286 38.9720566376649 30.080687949435355 72.37208413998583 45.36699363760251 17.767371362230804 0 43.597886181661295 37.12222163572856 70.81907289198257 34.06705553874762 29.08290189898508 92.09470298223573 29.595333022202748 92.05841182996876 43.68272476135039 77.25701548135126 30.669094164082157 0 84.46374916821898 51.01255304901362 63.44348364797063 46.31021958908242) (12.982287776459112 0 10.931875635124396 14.461242893334797 15.698449898228345 6.27491966472979 6.511635715810332 12.788356690293993 19.6665992745995 17.80550172276398 5.749112092984117 33.25633543575502 23.557246432156212 20.68243544230228 10.816044428856388 24.30431813174216 90.26330638740943 62.07066662092326 0 75.28345605427909 78.08072907345091 71.15788037780956 56.14154017946179 63.68143670751573 46.327589720312105 87.20132896858956 58.93739424066297 87.12125730749369 88.72455949488383 77.77222342581179 73.16650454798327 73.51618951708038 87.76193874031763 62.740917797948136 82.34708828526269 95.26227759663571 50.89230844255589 78.56195212460958 75.38271147597878 51.37449734174275 79.83719171664335 85.17334850208798 56.30001519329531 56.96765813407249 69.04684008420158 60.86960376109031 68.72647972961562 82.56250430141898 81.25805222774432 80.63486121145034 31.941246270991975 88.60743522370164 93.83774720517556 58.34150370400749 44.13344396396881 86.23265278418796 0 55.39858503784599 48.829012624227715 28.22767118759071 10.644573184758322 10.644573184758322 75.58169772927819 61.27824222982129 49.251725104670115 52.45457767449791 53.70617837117112 40.34136399981057 36.67283348491188 47.156726608244185 45.642409528446755 31.725171708586963 29.104879522985815 29.90392663426457 23.654314168633594 17.86879007194793 80.6302509201339 40.96592760992044 29.265874616577964 18.628667495634183 17.164382978519033 97.14169857920028 18.103973084496854 68.45568554697941 99.66925111981172 34.3400988709727 44.16811012637275 20.254324438311862 23.894455481150473 33.11017752853979 80.8893087827003 0 58.26725778739081 38.705015420376974 28.2845271203835 58.24308429556777 21.531636317577572 42.435012480604136 63.9804153302904 55.60012131539514 49.91802508122582 26.338304337483347 38.74653566058057 0 61.688842682548476 22.30695270847451 47.08690870473656 48.155541662464735 6.059846373180807 27.544375556395558 21.646863714682414 17.24037956354668 55.83366072797201 34.566280309125084 55.56211364657049 48.14367466424003 0 37.76436115709016 59.53976220693906 34.07208536675537 96.8988881301272 51.8878390178044 50.04808423369037 79.63111007314886 98.43598123356759 41.70024691533682 40.902242124158086 94.04023176473075 0 63.34638331813969 99.69096630948103 31.681126054566377 0 42.45447729069956 45.13615507124949 92.52798451325368 96.05197185609484 40.58246668637255 66.0158301700552 46.37003471933935 55.07731252348791 26.4207663741269 37.56106163541586 38.27276767566846 58.58266193619396 23.452890980237136 42.8734814375554 93.15805410791998 47.07330429374492 30.62715837078711 29.57233997769754 41.27735098043116 67.18820316071809 47.83342781187504 4.990989272218247 0 50.8826649727378 24.49515706908908 83.01650805807668 21.084834309031454 16.21117190191987 98.74101957785221 31.558293725451264 96.49405532516145 36.62422439186768 80.81084133510132 35.09395243423196 0 96.50577686163334 57.599296841888716 75.95531063306561 33.32811789213764) (7.014847548353563 10.931875635124396 0 3.578382723996902 12.993698743622911 5.704725030726752 11.362527668806177 6.336314288079152 11.23115681846639 10.54307674411853 7.107994058137376 22.76823789673553 14.071647837820839 11.311998951768434 8.208147131413082 13.447155314596221 80.7016367161436 51.43148950894748 96.50806748368583 64.35167616136197 69.29774074148432 60.25028213740465 45.945639756853254 53.21432072882336 36.765206766368166 76.56496485870336 48.41253028331067 76.61901619314665 77.99243638185997 68.38896407581015 63.79252936754687 63.25654059345138 77.94892925488145 52.625375243782116 71.81439615826987 84.3853925985856 40.01009354232959 69.43322503583525 65.43490893607424 40.52221431193222 69.12884185760512 74.60386543198192 45.43774984205232 46.34355505763843 58.83473190534726 49.96582332932194 58.101220704797704 72.12565769105463 70.78067208530943 89.42768762278554 36.15163874204583 98.18618080825901 89.65884310555464 60.14569130779264 39.47274612103839 86.95346206155492 0 46.72162071507295 59.34773482956557 30.27504815728222 20.736574490367143 20.736574490367143 83.04889525462015 51.71108313140969 52.86740513615666 43.54351561442487 50.76986520328305 36.02996314905954 28.71077465454538 56.885079634198696 42.68605204684639 32.90553239116121 25.530440362515016 31.681952249605853 20.755885532900358 26.629904380190826 76.05310050924355 32.78060003644254 40.03394020168996 29.01646270355027 28.07925306054477 98.7422257233462 24.74735501019265 58.668456364129774 0 45.05381893287188 53.8717426899868 18.990677936737647 31.278619656033886 26.08332388008931 74.77525117434458 0 63.51866816280576 33.18232955641549 37.72801760395681 68.55922892566299 28.65191095889028 48.16816613447216 70.96772570666816 49.9810298186449 40.019144641079826 20.39251315459999 37.578834211969145 0 54.55457300728326 32.407930786295466 45.725831675455126 45.812817717353035 12.010469903379548 36.43370395707397 17.066657477178033 27.558399145995853 59.73695236522529 32.07549576872616 47.70105530502378 51.31826986256398 0 40.13661284398312 49.927799220812446 35.135717335530096 0 48.28374346240372 46.56750198068412 85.97583102895062 0 45.88741569667283 39.101317506299864 92.04152906309622 0 73.87254510851074 95.94756826934062 38.3691952587723 0 33.75507343420715 52.11533371041309 0 94.45159622204689 44.33153255806306 60.11276885690435 37.24378778771701 50.92899616590554 36.95261779721698 42.03689805971075 39.45704811414626 48.708823488188564 34.23970893992129 53.15686588542453 89.84342090244895 41.99126410244982 30.36586785121887 32.51013982386629 36.709298046771366 76.022853395045 39.875003589128205 15.830627502168305 0 50.58678587375549 32.69132786126135 76.63130897108303 30.837653082595207 26.63388066093681 99.08211563489658 23.7069486000597 98.80712736044484 46.21632978187994 83.82989114875825 37.19544043558007 0 90.37552190165592 57.96345109011004 68.93617635739393 42.96377343689448) (7.248941481046554 14.461242893334797 3.578382723996902 0 13.32903940432356 9.21317110126606 14.723716053448957 7.765416576650798 10.298580199095282 9.106765346804739 10.138766098796777 19.780685780977436 12.110156281306422 8.503508377664165 10.625600250721492 10.157297774806137 77.34631604053676 48.227899440767786 93.15592179523378 60.84531638361682 66.16631282630267 56.80282708676824 42.45983548010675 49.66836193166106 33.4728790364975 73.34296013736514 44.858324683060474 73.06316774161704 74.7025596311915 65.09015952355645 60.50130269907342 60.27899571831148 74.532995722773 49.15307591373369 68.66300135306768 80.9709456305425 36.445314763444905 66.20326459934672 62.62773454833237 37.151043446893716 65.55184341771013 71.03920371882607 42.05192401195872 43.157943718930795 55.336782536104145 46.41143677366632 54.90018787235115 68.58054796159175 67.66472565739814 91.98193102952679 38.63149309695418 0 87.91244803094938 60.48510722209733 37.85748831226014 86.80546913505144 0 44.62346786433771 62.92030863946098 32.320314909539256 23.98603215928246 23.98603215928246 85.15038264983653 49.1401607794522 55.04429278381341 41.34986297274161 49.621280259992055 34.58911388400913 27.16959450906694 59.83640150667553 41.61870821436237 34.66244005711077 25.97277208557005 33.62645199789205 21.652204153006863 30.052820805783192 74.21901525601663 31.05776033747853 43.609303957491434 32.58896139697806 31.62328591724941 98.84683526871629 27.883155851655683 55.96085979397254 0 48.631752631327174 57.35490135067931 19.248669391396138 33.66658701379153 25.06226076601371 72.4520890234482 0 64.95521942646148 31.353914547171552 41.19741367343443 71.71911104587964 31.012299924142166 49.863382587129564 72.94159158446443 47.93232845599332 37.31386825672868 20.09088950826617 37.19898152210113 0 51.97468438283739 35.958685508434826 45.15970931209371 44.915532103502514 14.894030859299809 39.82854314456555 17.56080680862756 30.813899382785117 61.948659702066585 31.356975099035527 44.914166545450975 53.38971338904896 0 40.87119960436375 47.33963739811075 36.81780482513467 0 46.932936191022215 45.275906471450945 87.68937338722846 0 48.261984179027465 38.480731977365345 90.99107226789826 0 77.12021281346483 94.3250806755811 41.36577650551742 0 31.75751433127528 55.09847524382641 0 93.52349156384228 45.443686319174766 57.91104285078072 34.986223277492186 49.370386081299515 40.52869947670407 44.51556459094894 41.10449804419334 45.98233284946461 37.812994497745365 56.71169950521684 88.37397566758955 40.19818430171259 31.763033067141468 34.73744944824194 35.16644951463623 78.6145193902795 38.17566566397018 19.388634579531487 0 50.320444438237324 35.99701901606432 74.21729698805348 34.35821655206943 30.208930221761005 98.77335778202897 22.346392425447544 99.14588178372034 49.150925481569985 84.44677989154444 37.89387295441763 0 88.01088215592215 57.848632563364134 66.34286261970063 46.44960728535182) (6.140842679341842 15.698449898228345 12.993698743622911 13.32903940432356 0 15.63678386580755 20.607277856299724 19.299375329811642 23.5786105756114 6.624742521825673 10.442592049253388 31.119913310166087 25.26834174118595 11.374383261664823 20.451766157727345 21.3252347502017 76.70949101452146 57.77980523696024 0 67.55821854799974 63.65827461934135 64.35338691574655 44.39403982610616 52.56107529528074 33.55361495388041 82.46460970453812 48.15308807121904 75.74289282952886 83.37392246830962 64.06473043261185 59.49569831748376 70.71217076129972 74.64909855058262 50.618678194130794 78.22411694658979 88.55613237480159 42.56396942482585 64.51480893900656 73.64325192656732 45.89133036984613 69.44211242958528 74.071462639615 50.523976307486095 52.90653387696081 57.04394678337896 52.48595258623791 64.3566620411803 71.01439931803984 77.41546750392413 81.16098545536133 46.92209298635204 91.21325206053999 78.39498395718766 47.24882963353373 28.472984008933466 73.96256447238116 0 57.26993362360412 62.025908376580816 42.05956962977009 19.418015125629587 19.418015125629587 73.15697065231332 60.91550517646993 64.10564372080613 53.88773050801714 38.63939445349979 24.72080163414513 40.38729755165249 50.98848990384195 30.51724278283831 45.068166026679116 38.52353535386633 43.60013278368011 33.68442739870185 33.470074955399745 65.0654381199012 44.15374308821274 42.08872112624206 32.99626222130098 29.68530059305395 85.77026781107378 33.66437894821277 67.32825666429245 95.23534634264499 47.21764054558125 58.82093982112103 6.0061824858250645 23.287963318268847 38.391075682224574 65.20562397042646 98.34299625070005 51.99232467917221 23.03304103445537 43.39894154119446 63.88853890003238 20.701541652555637 37.32050340206286 60.74202473236291 39.90406856901038 48.91128435578781 33.202905732942575 24.707161609797936 0 46.28782128206879 36.9425165508483 32.94861494144393 33.372381834590975 10.87044812789639 42.97824823443672 30.060147420360167 25.334852906721206 70.84100632050155 19.575328033921206 40.602366571453615 62.784121489623914 0 27.546541708240145 59.09241366023066 47.366625966602975 0 36.528999542617306 34.72579719685076 75.00757357932305 91.8718715839699 56.753101932229534 26.409170242828246 79.60938279448413 98.88167984708647 69.83814394546563 84.40164211607842 47.34282014682172 97.61969306233767 44.614993077042 60.83410580498242 90.7888799638167 81.88120270299339 32.26132841131429 50.326690151309116 47.48940354094965 39.56018700677768 40.1423367396376 52.697017608299056 51.68954572350878 57.40092120931859 36.46023755593694 56.71365364949435 78.03154745067225 31.380701537554994 42.938441373903025 43.924041625475404 25.61925734228082 68.00533820160976 51.2544670816331 19.709131314922267 0 37.632339321626624 40.14716969887677 67.36091778525517 36.121479033373696 30.652150242590682 86.11678535536343 35.64292653120984 85.92021049529419 40.476110240099004 71.12720622813839 24.566913897173226 0 80.81648787357028 44.97316107037025 60.455735749994574 48.19974851349682) (10.770001158849674 6.27491966472979 5.704725030726752 9.21317110126606 15.63678386580755 0 5.7822721209741745 6.5980631749425145 13.425513281689593 15.23964302944604 5.9094497872897644 27.086694411038835 17.282828242579182 16.83413179958505 5.47520534432614 18.437404423684615 86.38245277071609 55.92092029184508 0 69.53793693978635 74.85108538810996 65.27383495122501 51.64753299795982 58.88056580966339 42.42782331821876 81.03850032247672 54.06697326144393 82.26971022515461 82.61391496119185 74.04558373349501 69.44615293990375 67.26036027528191 83.64870377485659 58.329386663863346 76.14619914497305 89.29901819871698 45.43536697284413 75.05147114064252 69.10784871093955 45.403869174494794 74.70025004460719 80.23489753115234 50.337687605610306 50.8147721742022 64.53383942548358 55.33395751532395 62.56624270739888 77.79277190243977 75.041366447971 86.69075622821867 31.563442554532234 94.83190243283666 93.75762754819814 61.46229008355672 43.60538446552732 88.88300889298125 0 49.25186866009124 53.76093502855199 26.42354355310858 16.869363838642556 16.869363838642556 81.22610575706189 55.01570137165316 48.607519905510884 46.264045864876536 54.25179815652742 39.99393705820543 30.62461215794222 53.38940281924091 46.128607020825555 29.463361587830555 24.419500994562153 27.96481352258557 19.13526395470732 20.93932751336845 80.28462040332208 34.88659713883717 34.6159332965564 23.441331898399184 22.931660743174973 0 19.337385430696884 62.18279829944259 0 39.58305326764161 48.1676158702726 21.25614960569366 29.326717334170354 27.26911163867512 79.56841099374033 0 63.00470049399496 37.609097910618516 32.02343018535768 64.5148289222617 26.82557131027201 47.31651670378905 69.4347123841689 54.537734985053824 43.643565657120405 20.73093539965332 40.176300212681895 0 59.64800160837175 26.754100902861623 48.48028498584048 49.008410667377035 9.964683700838085 30.7530771317817 16.388105474739156 23.513386243796457 55.39974360753419 35.21211074704648 52.99853873119218 47.21743669770376 0 41.0394248820869 53.273719800283324 31.774636672115758 0 52.03561012401872 50.258274282759615 84.8641556676585 0 41.383324935982955 42.00336207492151 95.23642351955536 0 69.5899654728926 99.88179102159081 33.070232808966416 0 36.28241543042072 46.80042756210007 98.32157735373649 97.47468556837669 44.55256964330398 64.80341146447837 40.1421685417494 54.91756198477946 31.402599806732017 37.408226679485765 36.09022018458122 52.30774723521786 28.85633402147417 47.50923961730374 93.59417895742213 46.30668809613995 27.55079712594859 28.339473166627528 40.78413125805922 73.24601698192515 41.82491546156335 10.71429015628123 0 52.87805061432983 27.075798884127117 81.51933062576539 25.146496087401278 21.08271746143765 0 25.5060404286151 99.9616866785772 42.82431273670551 84.59078576759748 38.205362385736656 0 95.19408653534691 59.978537669958165 74.01905446677367 37.25981272486747) (16.342075053414025 6.511635715810332 11.362527668806177 14.723716053448957 20.607277856299724 5.7822721209741745 0 9.609459454751606 16.141047505122362 20.94423582479699 10.198074098950867 30.873164311919705 20.458538208056 22.59983260275133 6.353852239588101 23.10259702095196 92.04986612939707 59.56935506181903 0 74.02991164218736 80.61917782857546 69.55194436653316 57.157908978881665 64.23516478503376 48.126374527189846 84.56901376747777 59.39269468059882 87.56422079185339 86.32448536834845 79.7506562283192 75.15470392796743 70.2836963819682 89.25662544334084 63.860853504186906 79.51924517142666 93.37519138098493 50.34597881244527 80.79044293337189 71.7457046105152 49.58667726617906 79.81515702571403 85.47899392773908 54.51442894214512 54.47307124162597 70.01684527111202 60.127647585231806 66.15211828391975 83.13784038885039 78.33312266024019 85.86126025433009 26.316751825304628 93.23216639664781 98.98886907867444 64.7796633030337 48.94263484994037 92.58519682228642 0 50.814029211465375 48.792618002620245 21.943401963520415 15.950411061026026 15.950411061026026 81.44646978782187 57.34023631318339 43.53454654459912 48.06272485342246 59.18137937205373 45.25881535494339 31.93061582696119 51.84312213753864 51.06943752654332 25.33154897278654 22.929139668788963 23.587017368247437 17.460804251010646 15.34027661342896 85.6050635368191 36.263614196548446 30.168107263579564 18.692266704285142 19.30999531747406 0 13.576524844971654 64.68328048247038 0 34.97034872066831 42.69744121812165 25.819845003314846 30.09214010855827 27.978916522240944 85.1711307046143 0 64.67558726298475 43.10608319808762 26.528525465462643 62.15008105059302 27.823372677769985 48.81867122167826 70.03112154563456 60.05615214231519 46.42852299545791 20.975979225737916 44.62031461434693 0 65.37069329496263 21.668844507608405 52.9651664073649 53.78095788097874 12.408110118544537 25.104848616706064 16.018158180970218 21.854402100774426 50.24276280161123 40.04555034098311 58.76981909374934 42.281466468857346 0 44.21080278020769 55.65816840238167 27.67738071737981 0 57.135548465919285 55.32882627674345 85.81365903280155 0 36.146630318160845 46.63202167507553 99.87867507136858 0 66.86489749459267 0 27.334616013638414 0 38.0524791369398 41.05023399194946 98.19908791589039 0 47.09398544624585 70.37085516072558 42.217255742189174 60.14411607772324 26.638898078358412 32.09251154464249 31.91664080101424 54.97530347032213 24.55935750566968 42.36198862062316 98.61136809284139 51.72685152318412 24.118953275318518 23.506644336727458 46.102579443221735 72.43471386234525 42.89757117864272 8.205403801153018 0 57.0079618971963 21.33018773313812 87.1609332114897 19.868789337674873 16.459255983385987 0 26.898431853093797 0 41.544818681825426 87.3215931672843 41.5063931171409 0 0 63.85942526304591 79.73384917336885 31.806836378772697) (13.349954860920466 12.788356690293993 6.336314288079152 7.765416576650798 19.299375329811642 6.5980631749425145 9.609459454751606 0 6.896802879862732 16.544671728713553 11.637526651082826 21.278476101094565 10.997067714120892 16.225523631308626 3.5904278765909208 13.767370039408641 83.97671824693207 50.031757277601564 95.52564458376658 64.45707311393612 73.33125728787157 59.94689520511417 48.66275012335745 55.3769832842201 40.418883599745406 75.07958552687782 50.500887428467756 78.5611046633397 76.78089074714435 71.90617053468654 67.34679240854847 61.01247285478583 80.95203298665766 55.39279618530205 70.0870632384105 83.77011439861788 41.002821901475215 73.18056115951643 62.70822680360183 39.97887788972849 70.59927962234539 76.40789999591018 44.905731805171875 44.92945409367956 61.40331715612789 50.68602489684613 56.63665132506739 74.22070303479036 68.93486568929198 93.28677685213248 30.997466324376244 0 95.6053661911285 66.33326201510619 45.48349670379079 93.25978292023967 0 42.65461772651959 58.28482884807129 24.556897384323477 23.42786575458187 23.42786575458187 87.69577161261533 48.51717936628852 47.288117520054946 39.67745027415318 56.99647446823882 42.128751473536525 24.044938635096607 59.94490750176956 48.93274752529139 26.925919954271833 19.24328178866594 25.86216850494897 14.419845733297807 24.37582810668819 81.9361585552958 28.29577464897639 39.77677865826731 28.29465109398031 28.68909540234827 0 21.23065864256667 55.735829560963744 0 44.573147257469834 51.725634078907326 25.27971384842116 35.7721429420211 20.818286348013963 80.2076152040252 0 68.99945004624944 39.052251354322316 35.60784766404154 70.9118017983554 33.229941962542895 53.43928435297332 75.8223965316106 55.68744560267335 37.27221060213526 14.558278384375914 43.91493270994144 0 59.667378244954314 31.168923461730863 52.05875996447552 52.10307171577525 16.26476110174723 33.85802950545115 10.811826162254874 29.99978126443154 54.196370961486004 38.388246812337485 52.499846440409115 45.624763754327425 0 46.18368629688649 46.78830182006797 29.103528635214193 0 54.43306737809671 52.74021651001141 91.12268560012795 0 40.56182981942889 45.42883345428427 98.30781793493902 0 75.87206842850767 0 34.28183913187938 0 29.68880530118722 47.93786858842349 0 0 50.1354522309177 65.67640987708941 33.58179795012685 56.978909547074394 36.22797402207989 36.86978293125344 33.40484556830145 45.90500407130496 34.151367385269616 51.75686512541229 95.95117428907739 47.892336788197106 24.16536191895242 27.002445859709663 42.7574707228144 79.84249569916713 35.25433986838525 16.78756227147136 0 56.91521334394922 29.71829766468433 81.95552626000674 29.25839670878797 26.068618393612365 0 18.92879357628776 0 49.40091800783343 89.87582799332753 43.269213230238435 0 95.7578448811665 64.27134245136375 74.02228870077012 40.91522749358864) (17.446912318461578 19.6665992745995 11.23115681846639 10.298580199095282 23.5786105756114 13.425513281689593 16.141047505122362 6.896802879862732 0 19.13046111375566 17.867872910509714 15.023601110951718 4.411017289389716 17.02867949133491 9.788538168290652 9.836110142130199 80.64936973888014 43.47641665267742 89.03432644217013 58.57603456381847 70.98468937657327 53.8542313021854 45.05108039795049 51.13280271858007 38.027605663680696 68.43638111572537 46.245679146990675 73.94995174109903 70.22876496737588 68.92934754547146 64.4490675788542 54.193125251955955 77.34534306657717 51.74253547465988 63.3782566049853 77.45134713423872 35.94955477385781 70.4715092732509 55.8233410987664 33.89495756642469 65.63760767593223 71.68935298105066 38.78162664893744 38.39095535809497 57.48912690257574 45.30247857164991 50.036272111701464 69.76707787010858 62.19566639084866 0 33.20951549247918 0 96.63470092926421 70.78079377246445 47.051314212354136 97.03823290572208 0 35.89949723985998 64.19798915841723 25.7902043939739 30.292448449971083 30.292448449971083 94.10392170550597 41.62161906005633 48.2600976208934 32.86132095281795 59.27058090246041 44.03203140288399 17.539760684580465 66.81341292677112 51.3825704118141 27.248736131734262 16.37819136293699 26.748577806279112 13.04050429013567 29.98241567104487 82.83644069213975 21.69170585121046 46.168974270611976 34.61377580777613 35.41529936209054 0 25.97704328561101 48.84124961614534 0 50.84429666877621 56.99326714906354 29.532428088615525 42.21523727473701 14.894602228300217 80.05711031770275 0 74.74430185264748 40.334966408099866 41.07055806324167 77.80519257268082 39.6257278785609 59.39217218620001 82.10131332864074 56.324072603468835 30.403896999498354 9.903604344506697 47.39765922450197 0 59.06887540142611 37.214115825301164 55.25815819800338 54.80317210156268 22.702056297704342 39.022013825354016 8.564321275336418 36.89209064784929 55.17105717434521 41.42263609205805 51.46446897677759 46.33858601911 0 51.076138704304384 39.89161261825071 29.14746008771517 0 56.38123917840484 54.79997399587345 97.18928515600427 0 42.203217047124944 48.569476098852704 0 0 82.74081456033706 0 37.980291537849034 0 22.909735419843066 51.28240444476197 0 0 55.47042163304625 65.89868698957319 26.71700960214914 58.54415120111833 42.456141396346325 38.89795508476679 33.23819076612133 39.02175956033901 40.64470366309148 57.514706044558814 97.52063141846263 49.11183478488695 23.62278897810238 28.640767513436106 44.482349521655266 86.58070084564424 28.743915608873287 23.653102852746173 0 60.53778498414144 34.652646381344574 81.58025915682856 35.15576142544087 32.47927952479998 0 12.492391457541457 0 56.24834090201101 94.70367711245714 48.108404882431905 0 95.43408435060472 68.10349559311868 73.25561659026604 46.356159558628576) (4.82575988845132 17.80550172276398 10.54307674411853 9.106765346804739 6.624742521825673 15.23964302944604 20.94423582479699 16.544671728713553 19.13046111375566 0 12.06405593838467 24.736124142837365 19.9579529712434 4.75199097225429 18.750635571502876 15.108746930874123 72.58048024060518 51.156472961556865 94.7261025284666 61.23355096312101 60.2773846462934 57.894060418543894 39.131970476382676 47.07177261500695 28.786888539976168 75.86783256608508 42.516173260053876 70.42774413016278 76.81158102073658 60.03980673640892 55.43713468485697 64.09952488520705 70.2169877433442 45.56728913006032 71.60553810960457 82.12607225002357 36.24476485237433 60.77311958608861 67.07368913505033 39.28646957692367 63.753522707120744 68.64350909329207 43.94284334183266 46.28204609216684 51.95651272755437 46.22712343562164 57.737210533657965 65.7592995843021 70.79236252019288 87.78571882091005 46.59591494744655 97.79087763064969 79.12926933614561 52.073486931286425 28.96067876326868 77.93924718571812 0 51.19313089509823 66.13762670275322 40.817335750777175 24.25431444894919 24.25431444894919 79.68513304583598 54.494055035978185 63.3983771099574 47.7626219070053 40.5307507242193 25.584373329926123 34.96138859765099 57.399438426479456 32.51509782639682 43.401670911580965 35.07234258448407 42.21624378789005 30.72988106563389 35.44801350235072 65.51167453606482 38.51381057053595 46.282773335430925 36.28196402747822 33.84042072685397 90.14708678640056 34.51512942395609 60.81301427012568 0 51.423511711842586 61.958766912330354 11.450011965763366 29.834951178315823 33.46625934194509 64.36986085405249 0 58.139458853838754 22.639801983316946 46.0824496796815 70.13450304979673 27.22355342442611 43.74544184704276 67.23363866299496 39.46559276470012 42.47855488252365 29.025344698343698 28.286812384380326 0 44.426558151540846 40.05924739413424 36.13348461621948 35.81199030819644 14.814485120840223 45.2319487033184 26.667565334870797 30.66833855736028 70.25927764561918 22.30474172709633 37.932646183932285 61.860451973168864 0 33.10734212175086 52.66919917409483 45.61035329012168 0 37.898410523748296 36.21926518615027 81.3050880754708 97.78485424032056 56.36683518788581 29.446179854441922 81.89254997706097 0 75.97757042322027 85.44990952233454 48.27885173370316 99.58785466436314 38.73786755359371 61.98933698333606 97.34038510775491 84.41685730945933 38.22914484135234 49.649073314156865 41.37346549178108 40.44254464250843 43.87016611517642 52.472153973882115 49.922885289709896 50.910049430604964 40.51541682480981 60.44243802616286 79.40655799685094 31.449332964083265 40.70690398417377 43.04135954903464 26.219138788333822 74.62544544897447 45.55548094191155 22.560344171860105 0 41.43418405271275 41.898988544006485 66.29185726603033 38.89014814958684 33.87078403693841 89.81189311792532 30.463569555602295 90.6506001116692 46.82327224591106 76.27625412628264 30.120948209450543 0 79.98849503719966 49.04469085718945 58.790420483152126 51.13201672777931) (7.247549082807395 5.749112092984117 7.107994058137376 10.138766098796777 10.442592049253388 5.9094497872897644 10.198074098950867 11.637526651082826 17.867872910509714 12.06405593838467 0 29.81956248888445 21.087831517630693 15.159664573653995 11.340541128856046 20.295779146516786 84.58108552627866 58.3650181742161 0 70.71025975285032 72.33419552293768 66.80468567222546 50.661922723911644 58.32917999579463 40.682336469191085 83.48170103305686 53.632002132765955 81.76650896807064 84.83245487434694 72.06932279108995 67.46450931313869 70.32538773993655 82.12997716710365 57.219371123571236 78.79180019245007 91.01141896090078 46.053389130687066 72.83295632282125 72.53982470749408 47.24965602537395 74.66373275001527 79.86825471786383 52.13655327687556 53.292166793591115 63.55573606323972 56.07752989027399 65.03732187401809 77.17029003237249 77.78270320397172 82.36386035540116 36.50916239784443 91.07924904381598 88.83644042528915 55.55477178936678 38.88070101593296 83.02014800936031 0 53.66676919797211 54.318257303563314 31.929908800398422 13.877247088670172 13.877247088670172 76.2380372231744 58.807048339580746 53.73176778964345 50.53528751848049 48.98358520949722 35.15236280902029 35.397718761666866 49.79382168179033 40.87137062169629 35.12421235753929 30.259035852745203 33.523250325523065 25.01916157630094 23.54525810115124 75.50194422572596 39.558279612038596 34.59360559561545 24.266368800646582 22.2640096041841 94.35467070920555 23.276527440549486 65.77615471231243 99.67748289781973 39.71001620614783 49.89622659692101 15.665238402582693 24.351884605690692 32.40955010889569 75.40971086665348 0 57.38424150134578 33.23782462735466 34.03357315012619 61.5823502190869 21.75791791275074 41.801883810190674 64.27093781500446 50.17667259986912 47.127135406042555 26.175087065049475 34.54143761854233 0 56.02771643480558 28.007268030156368 42.874705157899726 43.599706879278614 4.9128290143746876 33.26717601750168 22.093992733276163 20.697902294066427 60.43870988127592 29.851079674708707 49.830364484905864 52.4619968911854 0 35.13230986772669 57.026588046463054 37.453001630636436 99.87096036764072 46.953511059270284 45.141504160607866 79.4977926054311 97.62939989999278 46.33611292876482 36.4837258809796 89.74210697639565 0 66.98849109206849 94.82350639526682 37.00670888237654 0 40.678515428634995 50.584463963498806 93.50137094700008 91.90309539493875 38.720715547076104 60.55730844764474 44.26821659571473 50.00275336627546 31.95623462351149 42.26669625206255 41.74927648244794 55.81679946961805 28.785820723825335 48.4812315430592 88.41406517792679 41.736633458908706 33.38660808729856 33.64605390840293 36.03103788005386 68.94957909836764 46.60902029963962 10.536079320777192 0 47.11354098083614 30.113973762972755 77.48895938234521 26.828580307220868 21.850168913491068 95.38225066924456 30.319763755093394 94.05378101627458 39.11957493083591 78.70520665558217 32.29592640681084 0 91.03681177427096 54.14452803220918 70.32205970395987 39.06866104681488) (26.01251161255018 33.25633543575502 22.76823789673553 19.780685780977436 31.119913310166087 27.086694411038835 30.873164311919705 21.278476101094565 15.023601110951718 24.736124142837365 29.81956248888445 0 10.617908361560842 20.328730786410855 24.606656892216254 9.89335389174497 68.58986277944243 28.835683227117116 74.25820103655754 43.58451297923715 60.80821715108191 38.83105099306633 33.296672672815 38.053956043344485 29.280224928933883 53.952813025920165 33.27448305456859 60.0544779280918 55.55094335149842 57.64571751699448 53.40284287302374 40.50882396756844 64.87280539578106 39.67150929612326 49.09932868773488 62.50902550979678 21.966140864931276 59.638421670101394 42.89160991916372 18.873669280946082 51.36921955162834 57.67366936969478 23.758463287195177 23.7290626340293 44.81845715272245 30.715662678903595 35.479720579312314 56.11126255325196 48.03492464747511 0 46.262865415512536 0 92.74104618837204 75.43368972158505 46.13430085208808 99.46938058438867 0 26.859986867881254 79.2208598254703 38.29026076672439 43.477362084796475 43.477362084796475 0 29.796668598729443 59.397475261164104 23.34697842440781 59.200706612375754 44.09021018383639 14.661196172488658 79.60064725287663 52.12461291775631 38.651304005680466 25.09574760085075 38.82350484236055 24.68942248174411 45.002135408588074 78.94197131562414 16.43908931800282 61.03378725762282 49.514824276749366 49.89023347612672 0 40.83408499572987 36.33995108852903 0 65.77993570711256 71.90316441442958 36.13939135273264 53.269596011629716 16.51881473182979 74.00861104763214 0 82.84844256359138 39.38411068986663 56.05877006655139 91.31545772200673 50.60750317809081 68.43443711708812 91.85326361604073 52.788672164972375 17.802126326530278 18.130613877796346 50.71508276638138 0 52.762997178573144 52.2132156637618 57.48464894707319 55.91500013971178 34.652556343125326 53.938396981535355 20.86046566339776 50.2828625190396 66.1186386663437 44.183415947662596 44.62019332801263 57.19592253546681 0 57.52130812106435 27.974242136090723 40.051279387305364 0 55.7235769957938 54.47478856203578 0 0 54.35361934019278 51.03802931981124 99.55299816158637 0 96.56276450993495 99.73038081868903 52.13503499710153 0 15.477375111111712 64.97207536951359 0 0 62.881547817247544 61.05183879150759 17.073397326301606 56.928799180635295 57.405651045790705 51.57411877462329 43.55205007909163 26.369117077876357 55.42822642381834 72.53435430303745 94.79003995073873 47.282685181190125 34.32917189593983 41.35726043232664 44.11234328733658 98.29239319664241 22.652695107317257 37.779059818353666 0 63.51404224120686 49.510421677874064 75.03425757325373 50.17416709051468 47.32367180823009 0 13.137800657075827 0 68.91866721429354 99.88359297430546 54.56019377278919 0 88.73239061158878 71.31296515382736 66.11458292966505 61.33245412164763) (19.31177257581868 23.557246432156212 14.071647837820839 12.110156281306422 25.26834174118595 17.282828242579182 20.458538208056 10.997067714120892 4.411017289389716 19.9579529712434 21.087831517630693 10.617908361560842 0 16.895654370200308 14.124577153032188 7.25630051314074 77.10854038648672 39.11491945321331 84.65922900712324 54.18774774589923 67.94240224558322 49.44614781864446 41.48983326058184 47.25991674802777 35.161637253894504 64.11624454017579 42.38508479033744 69.89146348568173 65.87022912468515 65.57922785478219 61.151136559846286 50.029409608401124 73.6854539352523 48.13113059803302 59.09812598678034 73.04668813427715 31.808222570972305 67.24808971231175 51.8262459361628 29.49144019053756 61.46869120530643 67.59548154017388 34.373715022419574 34.02246054737364 53.73890241996515 41.030683365429276 45.693598897861 65.77164883232359 57.93953001812443 0 36.78859152780557 0 95.43798898786083 72.02728088284084 46.4620514